399.20  69.20
401.13  69.02
403.06  69.18
404.98  70.41
406.91  71.89
408.84  73.28
410.77  74.35
412.70  74.97
414.63  74.96
416.56  74.64
418.48  74.37
420.41  74.36
422.34  74.60
424.27  75.02
426.20  75.57
428.13  76.12
430.05  76.60
431.98  77.30
433.91  78.31
435.84  79.62
437.77  81.06
439.70  82.33
441.63  83.16
443.55  83.43
445.48  83.31
447.41  82.91
449.34  82.44
451.27  82.04
453.20  81.63
455.13  81.14
457.05  80.50
458.98  79.74
460.91  79.00
462.84  78.34
464.77  77.89
466.70  77.69
468.62  77.63
470.55  77.71
472.48  77.87
474.41  78.02
476.34  78.17
478.27  78.25
480.20  78.27
482.12  78.18
484.05  77.97
485.98  77.58
487.91  76.83
489.84  75.60
491.77  73.85
493.70  71.68
495.62  69.24
497.55  66.81
499.48  64.75
501.41  63.39
503.34  62.80
505.27  62.95
507.19  63.61
509.12  64.57
511.05  65.61
512.98  66.72
514.91  68.00
516.84  69.63
518.77  71.64
520.69  74.03
522.62  76.58
524.55  79.12
526.48  81.44
528.41  83.50
530.34  85.26
532.27  86.74
534.19  87.98
536.12  89.05
538.05  89.96
539.98  90.72
541.91  91.32
543.84  91.77
545.76  92.07
547.69  92.25
549.62  92.32
551.55  92.31
553.48  92.24
555.41  92.10
557.34  91.83
559.26  91.30
561.19  90.41
563.12  89.18
565.05  87.80
566.98  86.20
568.91  84.08
570.84  81.38
572.76  78.63
574.69  76.25
576.62  74.25
578.55  72.66
580.48  71.51
582.41  70.80
584.33  70.41
586.26  70.43
588.19  71.00
590.12  71.99
592.05  73.06
593.98  73.93
595.91  74.38
597.83  74.57
599.76  74.92
601.69  76.01
603.62  77.82
605.55  79.94
607.48  82.18
609.41  84.38
611.33  86.18
613.26  87.32
615.19  87.88
617.12  88.21
619.05  88.21
620.98  87.59
622.90  86.38
624.83  84.88
626.76  83.35
628.69  82.02
630.62  81.03
632.55  80.44
634.48  80.34
636.40  80.76
638.33  81.62
640.26  82.74
642.19  83.88
644.12  84.79
646.05  85.20
647.98  84.97
649.90  84.19
651.83  83.09
653.76  81.92
655.69  81.03
657.62  80.76
659.55  81.31
661.47  82.69
663.40  84.65
665.33  86.85
667.26  88.90
669.19  90.52
671.12  91.69
673.05  92.56
674.97  93.23
676.90  93.77
678.83  94.15
680.76  94.45
682.69  94.68
684.62  94.86
686.55  95.00
688.47  95.13
690.40  95.25
692.33  95.37
694.26  95.48
696.19  95.59
698.12  95.67
700.04  95.73
701.97  95.77
703.90  95.80
705.83  95.82
707.76  95.85
709.69  95.89
711.62  95.94
713.54  96.00
715.47  96.05
717.40  96.10
719.33  96.13
721.26  96.13
723.19  96.11
725.11  96.05
727.04  95.99
728.97  95.94
730.90  95.91
732.83  95.90
734.76  95.79
736.69  95.45
738.61  95.05
740.54  94.77
742.47  94.65
744.40  94.65
746.33  94.76
748.26  94.75
750.19  94.25
752.11  92.95
754.04  90.98
755.97  88.96
757.90  87.61
759.83  87.35
761.76  88.29
763.68  90.19
765.61  92.52
767.54  94.58
769.47  95.89
771.40  96.53
773.33  96.85
775.26  97.02
777.18  97.13
779.11  97.20
781.04  97.27
782.97  97.34
784.90  97.40
786.83  97.44
788.76  97.47
790.68  97.48
792.61  97.48
794.54  97.47
796.47  97.47
798.40  97.47
800.33  97.48
802.25  97.50
804.18  97.52
806.11  97.51
808.04  97.32
809.97  96.95
811.90  96.57
813.83  96.36
815.75  96.39
817.68  96.66
819.61  97.10
821.54  97.54
823.47  97.80
825.40  97.81
827.33  97.72
829.25  97.63
831.18  97.56
833.11  97.48
835.04  97.41
836.97  97.33
838.90  97.27
840.82  97.19
842.75  97.10
844.68  97.00
846.61  96.90
848.54  96.77
850.47  96.65
852.40  96.54
854.32  96.41
856.25  96.25
858.18  96.01
860.11  95.68
862.04  95.19
863.97  94.46
865.90  93.48
867.82  92.36
869.75  91.27
871.68  90.28
873.61  89.38
875.54  88.48
877.47  87.48
879.39  86.31
881.32  85.00
883.25  83.52
885.18  81.75
887.11  79.46
889.04  76.61
890.97  73.29
892.89  70.00
894.82  67.67
896.75  66.95
898.68  67.93
900.61  70.20
902.54  73.08
904.47  75.60
906.39  76.85
908.32  76.98
910.25  77.03
912.18  77.69
914.11  79.22
916.04  81.65
917.96  84.70
919.89  87.72
921.82  90.13
923.75  91.91
925.68  93.22
927.61  94.07
929.54  94.55
931.46  94.80
933.39  94.92
935.32  94.97
937.25  94.95
939.18  94.88
941.11  94.75
943.04  94.59
944.96  94.40
946.89  94.21
948.82  94.00
950.75  93.78
952.68  93.55
954.61  93.29
956.53  93.00
958.46  92.68
960.39  92.33
962.32  91.96
964.25  91.59
966.18  91.21
968.11  90.83
970.03  90.43
971.96  90.00
973.89  89.52
975.82  88.98
977.75  88.35
979.68  87.63
981.61  86.77
983.53  85.71
985.46  84.25
987.39  81.94
989.32  78.22
991.25  73.19
993.18  68.03
995.10  64.21
997.03  62.69
998.96  63.78
1000.89  67.14
1002.82  71.78
1004.75  76.04
1006.68  78.20
1008.60  77.83
1010.53  75.90
1012.46  73.69
1014.39  71.93
1016.32  70.83
1018.25  70.15
1020.18  69.34
1022.10  68.03
1024.03  66.45
1025.96  65.30
1027.89  65.26
1029.82  66.59
1031.75  69.15
1033.67  72.29
1035.60  75.14
1037.53  77.12
1039.46  77.66
1041.39  75.70
1043.32  71.09
1045.25  65.72
1047.17  61.46
1049.10  59.03
1051.03  58.59
1052.96  59.93
1054.89  62.27
1056.82  64.13
1058.75  64.49
1060.67  63.69
1062.60  61.90
1064.53  58.91
1066.46  55.18
1068.39  51.57
1070.32  48.69
1072.24  46.72
1074.17  45.55
1076.10  44.91
1078.03  44.66
1079.96  44.89
1081.89  46.05
1083.82  48.52
1085.74  52.33
1087.67  57.05
1089.60  61.96
1091.53  66.38
1093.46  70.00
1095.39  72.91
1097.32  75.33
1099.24  77.40
1101.17  79.19
1103.10  80.69
1105.03  81.92
1106.96  82.90
1108.89  83.67
1110.81  84.28
1112.74  84.77
1114.67  85.18
1116.60  85.53
1118.53  85.83
1120.46  86.10
1122.39  86.32
1124.31  86.51
1126.24  86.67
1128.17  86.81
1130.10  86.93
1132.03  87.01
1133.96  87.02
1135.89  86.95
1137.81  86.82
1139.74  86.68
1141.67  86.60
1143.60  86.69
1145.53  86.96
1147.46  87.36
1149.38  87.75
1151.31  88.08
1153.24  88.30
1155.17  88.44
1157.10  88.54
1159.03  88.66
1160.96  88.80
1162.88  88.96
1164.81  89.10
1166.74  89.24
1168.67  89.39
1170.60  89.57
1172.53  89.75
1174.46  89.96
1176.38  90.16
1178.31  90.37
1180.24  90.58
1182.17  90.76
1184.10  90.92
1186.03  91.04
1187.95  91.04
1189.88  90.80
1191.81  90.24
1193.74  89.53
1195.67  88.85
1197.60  88.39
1199.53  88.34
1201.45  88.74
1203.38  89.48
1205.31  90.31
1207.24  91.06
1209.17  91.68
1211.10  92.12
1213.03  92.38
1214.95  92.50
1216.88  92.55
1218.81  92.57
1220.74  92.62
1222.67  92.68
1224.60  92.75
1226.52  92.78
1228.45  92.75
1230.38  92.58
1232.31  92.30
1234.24  91.92
1236.17  91.39
1238.10  90.57
1240.02  89.44
1241.95  88.19
1243.88  87.09
1245.81  86.28
1247.74  85.72
1249.67  85.15
1251.60  84.40
1253.52  83.49
1255.45  82.65
1257.38  82.18
1259.31  82.30
1261.24  83.10
1263.17  84.39
1265.09  85.71
1267.02  86.76
1268.95  87.41
1270.88  87.52
1272.81  86.85
1274.74  85.15
1276.67  82.47
1278.59  79.42
1280.52  76.73
1282.45  75.09
1284.38  74.87
1286.31  76.01
1288.24  78.06
1290.17  80.34
1292.09  82.33
1294.02  83.90
1295.95  85.18
1297.88  86.35
1299.81  87.48
1301.74  88.48
1303.66  89.18
1305.59  89.60
1307.52  89.78
1309.45  89.76
1311.38  89.55
1313.31  89.16
1315.24  88.53
1317.16  87.66
1319.09  86.45
1321.02  84.67
1322.95  81.98
1324.88  78.42
1326.81  74.32
1328.73  70.27
1330.66  66.99
1332.59  65.18
1334.52  65.09
1336.45  66.44
1338.38  68.65
1340.31  71.06
1342.23  73.15
1344.16  74.71
1346.09  75.89
1348.02  77.02
1349.95  78.33
1351.88  79.87
1353.81  81.57
1355.73  83.31
1357.66  84.78
1359.59  85.82
1361.52  86.30
1363.45  86.15
1365.38  85.57
1367.30  84.96
1369.23  84.45
1371.16  84.20
1373.09  84.13
1375.02  84.04
1376.95  83.10
1378.88  80.94
1380.80  78.59
1382.73  77.25
1384.66  77.20
1386.59  78.66
1388.52  81.49
1390.45  84.93
1392.38  87.69
1394.30  88.97
1396.23  89.46
1398.16  89.84
1400.09  90.05
1402.02  90.22
1403.95  90.38
1405.87  90.44
1407.80  90.45
1409.73  90.32
1411.66  90.33
1413.59  90.18
1415.52  89.74
1417.45  89.32
1419.37  88.91
1421.30  88.62
1423.23  88.55
1425.16  88.66
1427.09  88.91
1429.02  89.15
1430.95  89.18
1432.87  88.91
1434.80  88.29
1436.73  87.43
1438.66  86.37
1440.59  85.17
1442.52  83.82
1444.44  82.65
1446.37  81.45
1448.30  80.19
1450.23  79.28
1452.16  77.92
1454.09  76.19
1456.02  74.61
1457.94  73.43
1459.87  72.66
1461.80  72.28
1463.73  72.47
1465.66  73.42
1467.59  74.31
1469.52  75.18
1471.44  76.05
1473.37  76.87
1475.30  77.32
1477.23  77.38
1479.16  77.46
1481.09  77.87
1483.01  78.57
1484.94  78.96
1486.87  78.80
1488.80  78.37
1490.73  77.75
1492.66  77.03
1494.59  76.47
1496.51  76.15
1498.44  76.17
1500.37  76.28
1502.30  76.42
1504.23  77.06
1506.16  78.24
1508.09  79.87
1510.01  81.90
1511.94  83.97
1513.87  86.25
1515.80  88.42
1517.73  89.93
1519.66  91.09
1521.58  91.84
1523.51  92.26
1525.44  92.72
1527.37  93.12
1529.30  93.37
1531.23  93.58
1533.16  94.16
1535.08  94.60
1537.01  94.74
1538.94  94.59
1540.87  94.38
1542.80  94.23
1544.73  93.78
1546.66  93.66
1548.58  93.99
1550.51  94.22
1552.44  95.08
1554.37  95.11
1556.30  94.78
1558.23  94.54
1560.15  94.10
1562.08  93.90
1564.01  93.73
1565.94  93.66
1567.87  94.25
1569.80  94.31
1571.73  94.16
1573.65  94.00
1575.58  93.82
1577.51  93.83
1579.44  93.72
1581.37  93.48
1583.30  93.49
1585.23  93.64
1587.15  93.53
1589.08  93.43
1591.01  93.30
1592.94  93.15
1594.87  93.02
1596.80  92.88
1598.72  92.72
1600.65  92.59
1602.58  92.48
1604.51  92.33
1606.44  92.05
1608.37  91.90
1610.30  91.96
1612.22  91.73
1614.15  91.40
1616.08  91.29
1618.01  91.10
1619.94  90.81
1621.87  90.54
1623.80  90.34
1625.72  90.21
1627.65  90.05
1629.58  90.21
1631.51  90.32
1633.44  90.26
1635.37  90.17
1637.29  90.11
1639.22  90.22
1641.15  90.41
1643.08  90.57
1645.01  91.08
1646.94  91.67
1648.87  91.70
1650.79  91.47
1652.72  91.27
1654.65  91.43
1656.58  91.60
1658.51  91.41
1660.44  91.71
1662.37  92.53
1664.29  92.74
1666.22  92.77
1668.15  93.00
1670.08  93.17
1672.01  93.26
1673.94  93.13
1675.86  93.30
1677.79  94.03
1679.72  94.21
1681.65  94.22
1683.58  94.36
1685.51  94.12
1687.44  93.95
1689.36  94.08
1691.29  94.36
1693.22  95.20
1695.15  95.21
1697.08  95.10
1699.01  95.05
1700.93  94.75
1702.86  94.56
1704.79  94.52
1706.72  94.50
1708.65  94.95
1710.58  95.30
1712.51  95.43
1714.43  95.44
1716.36  95.27
1718.29  95.00
1720.22  94.66
1722.15  94.49
1724.08  94.55
1726.01  95.03
1727.93  95.40
1729.86  95.27
1731.79  95.24
1733.72  95.18
1735.65  94.99
1737.58  94.82
1739.50  94.66
1741.43  94.85
1743.36  95.17
1745.29  95.05
1747.22  94.88
1749.15  94.81
1751.08  94.64
1753.00  94.45
1754.93  94.42
1756.86  94.42
1758.79  94.38
1760.72  94.31
1762.65  94.10
1764.58  94.26
1766.50  94.39
1768.43  94.38
1770.36  94.39
1772.29  94.25
1774.22  94.09
1776.15  93.97
1778.07  93.89
1780.00  93.97
1781.93  93.93
1783.86  93.88
1785.79  93.97
1787.72  93.95
1789.65  93.88
1791.57  93.75
1793.50  93.72
1795.43  93.57
1797.36  93.36
1799.29  93.31
1801.22  93.35
1803.15  93.28
1805.07  93.23
1807.00  93.16
1808.93  93.16
1810.86  93.11
1812.79  92.98
1814.72  92.83
1816.64  92.77
1818.57  92.83
1820.50  92.78
1822.43  92.81
1824.36  92.80
1826.29  92.65
1828.22  92.46
1830.14  92.27
1832.07  92.14
1834.00  91.99
1835.93  91.93
1837.86  92.15
1839.79  92.15
1841.72  92.01
1843.64  91.86
1845.57  91.70
1847.50  91.50
1849.43  91.30
1851.36  91.28
1853.29  91.32
1855.21  91.24
1857.14  91.14
1859.07  91.04
1861.00  91.08
1862.93  91.14
1864.86  91.05
1866.79  90.90
1868.71  90.74
1870.64  90.56
1872.57  90.36
1874.50  90.23
1876.43  90.27
1878.36  90.28
1880.29  90.17
1882.21  90.15
1884.14  90.11
1886.07  90.00
1888.00  89.93
1889.93  89.83
1891.86  89.72
1893.78  89.60
1895.71  89.51
1897.64  89.50
1899.57  89.45
1901.50  89.42
1903.43  89.45
1905.36  89.42
1907.28  89.34
1909.21  89.27
1911.14  89.29
1913.07  89.22
1915.00  89.17
1916.93  89.18
1918.86  89.12
1920.78  89.00
1922.71  88.87
1924.64  88.78
1926.57  88.76
1928.50  88.66
1930.43  88.61
1932.35  88.55
1934.28  88.49
1936.21  88.48
1938.14  88.41
1940.07  88.32
1942.00  88.20
1943.93  88.06
1945.85  87.89
1947.78  87.71
1949.71  87.57
1951.64  87.45
1953.57  87.26
1955.50  87.05
1957.43  86.78
1959.35  86.51
1961.28  86.19
1963.21  85.76
1965.14  85.23
1967.07  84.65
1969.00  84.07
1970.92  83.52
1972.85  83.04
1974.78  82.68
1976.71  82.38
1978.64  82.10
1980.57  81.90
1982.50  81.77
1984.42  81.78
1986.35  81.87
1988.28  81.95
1990.21  81.99
1992.14  81.95
1994.07  81.77
1996.00  81.48
1997.92  81.08
1999.85  80.56
2001.78  79.86
2003.71  78.98
2005.64  78.08
2007.57  77.18
2009.49  76.33
2011.42  75.47
2013.35  74.49
2015.28  73.31
2017.21  71.89
2019.14  70.25
2021.07  68.46
2022.99  66.52
2024.92  64.36
2026.85  61.77
2028.78  58.54
2030.71  54.63
2032.64  50.41
2034.56  46.25
2036.49  42.01
2038.42  37.24
2040.35  32.01
2042.28  26.91
2044.21  22.73
2046.14  19.67
2048.06  17.30
2049.99  15.10
2051.92  13.27
2053.85  11.95
2055.78  11.23
2057.71  11.24
2059.64  12.29
2061.56  14.53
2063.49  17.38
2065.42  19.86
2067.35  22.03
2069.28  24.20
2071.21  26.63
2073.14  29.45
2075.06  33.08
2076.99  37.51
2078.92  42.06
2080.85  46.13
2082.78  49.89
2084.71  53.59
2086.63  57.41
2088.56  61.30
2090.49  65.20
2092.42  68.95
2094.35  72.45
2096.28  75.58
2098.21  78.33
2100.13  80.66
2102.06  82.62
2103.99  84.22
2105.92  85.52
2107.85  86.57
2109.78  87.42
2111.70  88.12
2113.63  88.70
2115.56  89.20
2117.49  89.65
2119.42  90.06
2121.35  90.45
2123.28  90.81
2125.20  91.17
2127.13  91.52
2129.06  91.86
2130.99  92.19
2132.92  92.51
2134.85  92.82
2136.78  93.10
2138.70  93.37
2140.63  93.61
2142.56  93.83
2144.49  94.04
2146.42  94.23
2148.35  94.40
2150.27  94.55
2152.20  94.70
2154.13  94.85
2156.06  94.99
2157.99  95.13
2159.92  95.26
2161.85  95.38
2163.77  95.49
2165.70  95.59
2167.63  95.68
2169.56  95.76
2171.49  95.84
2173.42  95.90
2175.35  95.96
2177.27  96.01
2179.20  96.05
2181.13  96.09
2183.06  96.14
2184.99  96.18
2186.92  96.22
2188.84  96.26
2190.77  96.30
2192.70  96.33
2194.63  96.36
2196.56  96.38
2198.49  96.40
2200.42  96.43
2202.34  96.45
2204.27  96.46
2206.20  96.48
2208.13  96.50
2210.06  96.52
2211.99  96.54
2213.92  96.56
2215.84  96.58
2217.77  96.59
2219.70  96.60
2221.63  96.61
2223.56  96.62
2225.49  96.64
2227.41  96.66
2229.34  96.68
2231.27  96.70
2233.20  96.72
2235.13  96.74
2237.06  96.75
2238.99  96.76
2240.91  96.77
2242.84  96.76
2244.77  96.74
2246.70  96.71
2248.63  96.68
2250.56  96.68
2252.49  96.70
2254.41  96.75
2256.34  96.82
2258.27  96.88
2260.20  96.92
2262.13  96.95
2264.06  96.96
2265.98  96.96
2267.91  96.96
2269.84  96.95
2271.77  96.94
2273.70  96.93
2275.63  96.92
2277.56  96.91
2279.48  96.90
2281.41  96.90
2283.34  96.89
2285.27  96.88
2287.20  96.87
2289.13  96.87
2291.06  96.86
2292.98  96.85
2294.91  96.85
2296.84  96.84
2298.77  96.83
2300.70  96.83
2302.63  96.82
2304.55  96.81
2306.48  96.81
2308.41  96.80
2310.34  96.79
2312.27  96.79
2314.20  96.78
2316.13  96.77
2318.05  96.77
2319.98  96.76
2321.91  96.75
2323.84  96.74
2325.77  96.74
2327.70  96.73
2329.63  96.72
2331.55  96.72
2333.48  96.71
2335.41  96.70
2337.34  96.70
2339.27  96.69
2341.20  96.68
2343.12  96.68
2345.05  96.67
2346.98  96.66
2348.91  96.66
2350.84  96.65
2352.77  96.64
2354.70  96.64
2356.62  96.63
2358.55  96.62
2360.48  96.62
2362.41  96.61
2364.34  96.60
2366.27  96.59
2368.20  96.59
2370.12  96.58
2372.05  96.57
2373.98  96.57
2375.91  96.56
2377.84  96.55
2379.77  96.55
2381.69  96.54
2383.62  96.53
2385.55  96.53
2387.48  96.52
2389.41  96.51
2391.34  96.51
2393.27  96.50
2395.19  96.50
2397.12  96.49
2399.05  96.47
2400.98  96.45
2402.91  96.42
2404.84  96.38
2406.76  96.35
2408.69  96.32
2410.62  96.28
2412.55  96.26
2414.48  96.23
2416.41  96.20
2418.34  96.16
2420.26  96.10
2422.19  96.03
2424.12  95.97
2426.05  95.92
2427.98  95.90
2429.91  95.90
2431.84  95.91
2433.76  95.91
2435.69  95.90
2437.62  95.88
2439.55  95.85
2441.48  95.81
2443.41  95.78
2445.33  95.75
2447.26  95.73
2449.19  95.70
2451.12  95.67
2453.05  95.64
2454.98  95.61
2456.91  95.58
2458.83  95.55
2460.76  95.52
2462.69  95.49
2464.62  95.45
2466.55  95.41
2468.48  95.37
2470.41  95.33
2472.33  95.29
2474.26  95.26
2476.19  95.22
2478.12  95.18
2480.05  95.13
2481.98  95.07
2483.90  95.01
2485.83  94.95
2487.76  94.89
2489.69  94.84
2491.62  94.79
2493.55  94.74
2495.48  94.69
2497.40  94.64
2499.33  94.59
2501.26  94.54
2503.19  94.48
2505.12  94.43
2507.05  94.39
2508.98  94.34
2510.90  94.29
2512.83  94.23
2514.76  94.16
2516.69  94.09
2518.62  94.03
2520.55  93.98
2522.47  93.94
2524.40  93.92
2526.33  93.91
2528.26  93.89
2530.19  93.87
2532.12  93.84
2534.05  93.80
2535.97  93.75
2537.90  93.69
2539.83  93.64
2541.76  93.59
2543.69  93.54
2545.62  93.49
2547.55  93.45
2549.47  93.41
2551.40  93.36
2553.33  93.32
2555.26  93.27
2557.19  93.22
2559.12  93.16
2561.04  93.11
2562.97  93.06
2564.90  93.00
2566.83  92.95
2568.76  92.90
2570.69  92.84
2572.62  92.78
2574.54  92.72
2576.47  92.67
2578.40  92.61
2580.33  92.55
2582.26  92.49
2584.19  92.42
2586.12  92.35
2588.04  92.28
2589.97  92.21
2591.90  92.15
2593.83  92.09
2595.76  92.03
2597.69  91.99
2599.61  91.94
2601.54  91.90
2603.47  91.87
2605.40  91.83
2607.33  91.79
2609.26  91.76
2611.19  91.72
2613.11  91.69
2615.04  91.66
2616.97  91.63
2618.90  91.60
2620.83  91.57
2622.76  91.54
2624.69  91.51
2626.61  91.48
2628.54  91.44
2630.47  91.40
2632.40  91.35
2634.33  91.30
2636.26  91.23
2638.18  91.15
2640.11  91.06
2642.04  90.95
2643.97  90.81
2645.90  90.66
2647.83  90.51
2649.76  90.37
2651.68  90.25
2653.61  90.19
2655.54  90.18
2657.47  90.20
2659.40  90.24
2661.33  90.28
2663.25  90.31
2665.18  90.31
2667.11  90.30
2669.04  90.27
2670.97  90.25
2672.90  90.22
2674.83  90.21
2676.75  90.20
2678.68  90.18
2680.61  90.15
2682.54  90.10
2684.47  90.04
2686.40  89.98
2688.33  89.94
2690.25  89.93
2692.18  89.95
2694.11  89.99
2696.04  90.05
2697.97  90.11
2699.90  90.16
2701.82  90.19
2703.75  90.21
2705.68  90.23
2707.61  90.25
2709.54  90.29
2711.47  90.34
2713.40  90.40
2715.32  90.45
2717.25  90.48
2719.18  90.50
2721.11  90.49
2723.04  90.47
2724.97  90.45
2726.90  90.42
2728.82  90.39
2730.75  90.37
2732.68  90.35
2734.61  90.33
2736.54  90.32
2738.47  90.32
2740.39  90.32
2742.32  90.33
2744.25  90.35
2746.18  90.37
2748.11  90.39
2750.04  90.40
2751.97  90.41
2753.89  90.41
2755.82  90.41
2757.75  90.39
2759.68  90.37
2761.61  90.34
2763.54  90.31
2765.47  90.29
2767.39  90.26
2769.32  90.23
2771.25  90.19
2773.18  90.14
2775.11  90.09
2777.04  90.03
2778.96  89.97
2780.89  89.89
2782.82  89.80
2784.75  89.68
2786.68  89.54
2788.61  89.39
2790.54  89.24
2792.46  89.07
2794.39  88.86
2796.32  88.60
2798.25  88.30
2800.18  88.02
2802.11  87.77
2804.04  87.56
2805.96  87.35
2807.89  87.10
2809.82  86.78
2811.75  86.45
2813.68  86.17
2815.61  86.00
2817.53  85.93
2819.46  85.90
2821.39  85.85
2823.32  85.69
2825.25  85.44
2827.18  85.12
2829.11  84.77
2831.03  84.39
2832.96  83.96
2834.89  83.47
2836.82  82.88
2838.75  82.18
2840.68  81.37
2842.61  80.50
2844.53  79.59
2846.46  78.64
2848.39  77.60
2850.32  76.46
2852.25  75.25
2854.18  74.02
2856.10  72.87
2858.03  71.85
2859.96  70.99
2861.89  70.29
2863.82  69.71
2865.75  69.23
2867.68  68.89
2869.60  68.84
2871.53  69.13
2873.46  69.76
2875.39  70.70
2877.32  71.85
2879.25  73.03
2881.18  74.13
2883.10  75.13
2885.03  76.06
2886.96  76.91
2888.89  77.65
2890.82  78.22
2892.75  78.55
2894.67  78.60
2896.60  78.37
2898.53  77.92
2900.46  77.37
2902.39  76.79
2904.32  76.27
2906.25  75.86
2908.17  75.59
2910.10  75.48
2912.03  75.55
2913.96  75.81
2915.89  76.25
2917.82  76.85
2919.75  77.57
2921.67  78.35
2923.60  79.14
2925.53  79.91
2927.46  80.66
2929.39  81.38
2931.32  82.05
2933.24  82.66
2935.17  83.19
2937.10  83.63
2939.03  83.98
2940.96  84.25
2942.89  84.43
2944.82  84.52
2946.74  84.55
2948.67  84.58
2950.60  84.64
2952.53  84.77
2954.46  84.95
2956.39  85.17
2958.31  85.35
2960.24  85.36
2962.17  85.09
2964.10  84.62
2966.03  84.11
2967.96  83.75
2969.89  83.67
2971.81  83.93
2973.74  84.46
2975.67  85.10
2977.60  85.69
2979.53  86.22
2981.46  86.75
2983.39  87.23
2985.31  87.62
2987.24  87.90
2989.17  88.10
2991.10  88.25
2993.03  88.43
2994.96  88.71
2996.89  89.13
2998.81  89.64
3000.74  90.13
3002.67  90.59
3004.60  91.00
3006.53  91.34
3008.46  91.60
3010.38  91.79
3012.31  91.94
3014.24  92.06
3016.17  92.15
3018.10  92.23
3020.03  92.29
3021.96  92.33
3023.88  92.37
3025.81  92.40
3027.74  92.40
3029.67  92.38
3031.60  92.36
3033.53  92.33
3035.45  92.29
3037.38  92.26
3039.31  92.25
3041.24  92.24
3043.17  92.22
3045.10  92.18
3047.03  92.14
3048.95  92.12
3050.88  92.09
3052.81  92.06
3054.74  92.02
3056.67  92.01
3058.60  91.99
3060.53  91.97
3062.45  91.94
3064.38  91.91
3066.31  91.88
3068.24  91.83
3070.17  91.80
3072.10  91.78
3074.02  91.77
3075.95  91.75
3077.88  91.71
3079.81  91.67
3081.74  91.62
3083.67  91.58
3085.60  91.54
3087.52  91.52
3089.45  91.51
3091.38  91.48
3093.31  91.44
3095.24  91.41
3097.17  91.36
3099.10  91.30
3101.02  91.25
3102.95  91.21
3104.88  91.17
3106.81  91.13
3108.74  91.10
3110.67  91.07
3112.59  91.02
3114.52  90.98
3116.45  90.93
3118.38  90.88
3120.31  90.82
3122.24  90.76
3124.17  90.71
3126.09  90.68
3128.02  90.63
3129.95  90.58
3131.88  90.53
3133.81  90.47
3135.74  90.42
3137.67  90.35
3139.59  90.30
3141.52  90.26
3143.45  90.20
3145.38  90.14
3147.31  90.08
3149.24  90.02
3151.16  89.96
3153.09  89.90
3155.02  89.84
3156.95  89.77
3158.88  89.71
3160.81  89.64
3162.74  89.58
3164.66  89.51
3166.59  89.44
3168.52  89.37
3170.45  89.31
3172.38  89.25
3174.31  89.17
3176.24  89.09
3178.16  89.02
3180.09  88.94
3182.02  88.85
3183.95  88.76
3185.88  88.69
3187.81  88.61
3189.73  88.54
3191.66  88.47
3193.59  88.39
3195.52  88.30
3197.45  88.20
3199.38  88.10
3201.31  88.01
3203.23  87.92
3205.16  87.85
3207.09  87.78
3209.02  87.69
3210.95  87.60
3212.88  87.51
3214.81  87.42
3216.73  87.32
3218.66  87.23
3220.59  87.13
3222.52  87.05
3224.45  86.95
3226.38  86.85
3228.30  86.76
3230.23  86.66
3232.16  86.56
3234.09  86.48
3236.02  86.41
3237.95  86.36
3239.88  86.29
3241.80  86.21
3243.73  86.12
3245.66  86.05
3247.59  85.99
3249.52  85.93
3251.45  85.88
3253.38  85.84
3255.30  85.77
3257.23  85.70
3259.16  85.62
3261.09  85.55
3263.02  85.48
3264.95  85.40
3266.87  85.34
3268.80  85.27
3270.73  85.20
3272.66  85.12
3274.59  85.03
3276.52  84.95
3278.45  84.85
3280.37  84.76
3282.30  84.68
3284.23  84.60
3286.16  84.51
3288.09  84.41
3290.02  84.30
3291.95  84.19
3293.87  84.08
3295.80  83.97
3297.73  83.86
3299.66  83.75
3301.59  83.65
3303.52  83.52
3305.44  83.39
3307.37  83.26
3309.30  83.12
3311.23  82.98
3313.16  82.83
3315.09  82.69
3317.02  82.56
3318.94  82.42
3320.87  82.27
3322.80  82.11
3324.73  81.95
3326.66  81.80
3328.59  81.66
3330.51  81.53
3332.44  81.40
3334.37  81.26
3336.30  81.12
3338.23  80.96
3340.16  80.78
3342.09  80.60
3344.01  80.40
3345.94  80.16
3347.87  79.89
3349.80  79.56
3351.73  79.14
3353.66  78.64
3355.59  78.04
3357.51  77.39
3359.44  76.77
3361.37  76.29
3363.30  76.03
3365.23  76.01
3367.16  76.21
3369.08  76.54
3371.01  76.89
3372.94  77.17
3374.87  77.34
3376.80  77.41
3378.73  77.40
3380.66  77.35
3382.58  77.29
3384.51  77.28
3386.44  77.31
3388.37  77.36
3390.30  77.42
3392.23  77.48
3394.16  77.52
3396.08  77.53
3398.01  77.52
3399.94  77.53
3401.87  77.54
3403.80  77.55
3405.73  77.58
3407.65  77.60
3409.58  77.62
3411.51  77.65
3413.44  77.72
3415.37  77.77
3417.30  77.78
3419.23  77.79
3421.15  77.79
3423.08  77.78
3425.01  77.78
3426.94  77.79
3428.87  77.83
3430.80  77.86
3432.73  77.88
3434.65  77.92
3436.58  77.96
3438.51  78.03
3440.44  78.15
3442.37  78.20
3444.30  78.23
3446.22  78.26
3448.15  78.30
3450.08  78.36
3452.01  78.42
3453.94  78.54
3455.87  78.70
3457.80  78.77
3459.72  78.86
3461.65  78.94
3463.58  79.03
3465.51  79.11
3467.44  79.22
3469.37  79.33
3471.30  79.43
3473.22  79.55
3475.15  79.72
3477.08  79.82
3479.01  79.91
3480.94  80.02
3482.87  80.13
3484.79  80.19
3486.72  80.26
3488.65  80.41
3490.58  80.56
3492.51  80.63
3494.44  80.77
3496.37  81.01
3498.29  81.13
3500.22  81.20
3502.15  81.34
3504.08  81.47
3506.01  81.54
3507.94  81.58
3509.87  81.71
3511.79  81.88
3513.72  81.96
3515.65  82.12
3517.58  82.36
3519.51  82.55
3521.44  82.73
3523.36  82.83
3525.29  82.87
3527.22  82.89
3529.15  82.98
3531.08  83.11
3533.01  83.21
3534.94  83.33
3536.86  83.57
3538.79  83.87
3540.72  84.06
3542.65  84.14
3544.58  84.34
3546.51  84.48
3548.44  84.49
3550.36  84.52
3552.29  84.71
3554.22  84.98
3556.15  85.12
3558.08  85.35
3560.01  86.03
3561.93  86.37
3563.86  86.33
3565.79  86.24
3567.72  86.20
3569.65  86.17
3571.58  86.19
3573.51  86.50
3575.43  87.04
3577.36  87.24
3579.29  87.58
3581.22  88.11
3583.15  88.29
3585.08  88.33
3587.01  88.50
3588.93  88.64
3590.86  88.64
3592.79  88.79
3594.72  89.25
3596.65  89.57
3598.58  89.54
3600.50  89.84
3602.43  90.27
3604.36  90.55
3606.29  90.91
3608.22  91.13
3610.15  91.29
3612.08  91.58
3614.00  91.74
3615.93  91.85
3617.86  91.76
3619.79  91.79
3621.72  92.73
3623.65  92.96
3625.57  93.05
3627.50  93.38
3629.43  93.26
3631.36  92.98
3633.29  92.78
3635.22  93.02
3637.15  93.78
3639.07  94.04
3641.00  94.75
3642.93  95.78
3644.86  95.91
3646.79  95.54
3648.72  95.40
3650.65  95.08
3652.57  94.52
3654.50  94.40
3656.43  94.90
3658.36  95.47
3660.29  95.43
3662.22  95.90
3664.15  96.64
3666.07  96.63
3668.00  97.27
3669.93  97.44
3671.86  97.07
3673.79  96.46
3675.72  95.93
3677.64  95.91
3679.57  95.75
3681.50  96.09
3683.43  97.37
3685.36  97.67
3687.29  97.41
3689.22  97.09
3691.14  96.57
3693.07  96.22
3695.00  96.39
3696.93  96.87
3698.86  97.06
3700.79  96.97
3702.71  97.07
3704.64  97.56
3706.57  97.53
3708.50  97.28
3710.43  97.12
3712.36  96.71
3714.29  96.40
3716.21  96.37
3718.14  96.78
3720.07  97.35
3722.00  97.07
3723.93  96.73
3725.86  96.77
3727.79  97.22
3729.71  97.64
3731.64  97.50
3733.57  97.09
3735.50  96.66
3737.43  96.78
3739.36  96.50
3741.28  96.47
3743.21  97.26
3745.14  97.70
3747.07  96.96
3749.00  96.06
3750.93  95.73
3752.86  96.19
3754.78  95.57
3756.71  95.35
3758.64  95.96
3760.57  96.23
3762.50  96.26
3764.43  96.21
3766.36  96.17
3768.28  96.09
3770.21  95.75
3772.14  95.87
3774.07  95.99
3776.00  95.92
3777.93  96.29
3779.85  96.25
3781.78  95.97
3783.71  95.74
3785.64  95.60
3787.57  95.82
3789.50  96.04
3791.43  96.01
3793.35  96.51
3795.28  96.99
3797.21  96.69
3799.14  96.62
3801.07  96.38
3803.00  95.88
3804.93  95.47
3806.85  95.04
3808.78  95.78
3810.71  96.11
3812.64  96.11
3814.57  97.04
3816.50  96.93
3818.42  96.37
3820.35  95.86
3822.28  95.40
3824.21  95.62
3826.14  95.41
3828.07  95.69
3830.00  96.52
3831.92  96.70
3833.85  96.73
3835.78  96.59
3837.71  96.15
3839.64  95.66
3841.57  95.11
3843.50  94.83
3845.42  95.91
3847.35  97.07
3849.28  97.07
3851.21  96.61
3853.14  95.93
3855.07  95.24
3856.99  94.96
3858.92  94.87
3860.85  95.58
3862.78  96.59
3864.71  96.36
3866.64  96.11
3868.57  95.69
3870.49  95.27
3872.42  95.44
3874.35  95.42
3876.28  95.19
3878.21  95.98
3880.14  95.86
3882.07  95.71
3883.99  95.68
3885.92  95.45
3887.85  95.37
3889.78  95.22
3891.71  95.22
3893.64  95.76
3895.56  95.87
3897.49  96.02
3899.42  96.17
3901.35  95.77
3903.28  95.10
3905.21  94.63
3907.14  94.52
3909.06  94.80
3910.99  95.27
3912.92  95.69
3914.85  95.59
3916.78  95.52
3918.71  95.44
3920.64  95.17
3922.56  95.01
3924.49  95.22
3926.42  95.37
3928.35  95.23
3930.28  95.03
3932.21  94.98
3934.13  94.96
3936.06  94.96
3937.99  94.96
3939.92  95.11
3941.85  95.24
3943.78  95.14
3945.71  95.00
3947.63  94.84
3949.56  94.82
3951.49  94.87
3953.42  94.78
3955.35  94.85
3957.28  94.94
3959.21  94.94
3961.13  94.91
3963.06  94.89
3964.99  94.89
3966.92  94.91
3968.85  94.96
3970.78  94.98
3972.70  94.93
3974.63  94.90
3976.56  94.88
3978.49  94.85
3980.42  94.82
3982.35  94.84
3984.28  94.85
3986.20  94.82
3988.13  94.81
3990.06  94.79
3991.99  94.76
3993.92  94.70
3995.85  94.69
3997.77  94.68
3999.70  94.70